mum mscnffls

[511.
lomi.

cyclus Epactamm.

13,
11,11,1ο,19,18,17,16, 15ᾐ111.

D. 15,14,13,11,11,1ο,9, tseb. .
817161514131Ί1 ΗΕΒ· .' ·
1,*,19,18,19,16,15,15,14. 156111.

13,11, .
11,1ο,19,18,19,16,15, “’

, 14,13,11,11,1ο,9,8,
71615181319111
’,19,18,17,16,15,15,14. '
13,11,11,
1ο,19,18,19,16,15,14,

, 13,11,11,1ο,9,8,9,
6,5,⁴,3,2‚1,*,
19,18,19,16,15,15,14.

13,11,11,1ο,

19,18,19,16,15,14,’13, ’1. ‹' .

G· ι’111110191813161 4s‘b·
5,6,3,1,1,*,19, 115111.
18,19,16,15,15,14.

13,11,11,1ο, 19,

18,19,16,15,14,13,11, 196111. 155111.
Α. ΙΙ11019181716151

4,3,2‚1‚*,29,28,

17,16,15,15,1ί,.

13,11,11,1ο,19, 18,
19,16,15,14,13,11,11,“

B· Ιο1918131615141
318111ω1991981η1
16,15, 15,14.

13,11,11,1ο,19,18,19, '
16,15,14,13,11,11,1ο,

ο 91817161514131
1,1,*,19,18,19,16,15, ’
15,14.

 

